independent-S-lines-3dig         worst band 0.31 [[56,0.22,0.31],[56,0.22,0.31],[56,0.22,0.31],[56,0.22,0.31],[56,0.22,0.31],[56,0.22,0.31]]
independent-S-boxes-3dig         worst band 0.18 [[106,0.13,0.18],[106,0.13,0.18],[106,0.13,0.18],[106,0.13,0.18],[106,0.13,0.18],[106,0.13,0.18]]
independent-S-lines              worst band 0.28 [[52,0.22,0.28],[52,0.22,0.28],[52,0.22,0.28],[52,0.22,0.28],[52,0.22,0.28],[52,0.22,0.28]]
independent-S-onepageLines       worst band 0.27 [[56,0.18,0.27],[56,0.18,0.27],[56,0.18,0.27],[56,0.18,0.27],[56,0.18,0.27],[56,0.18,0.27],[56,0.18,0.27],[56,0.18,0.27],[100,0.13,0.18],[100,0.13,0.18],[100,0.13,0.18],[100,0.13,0.18]]
independent-M-lines-3dig         worst band 0.33 [[148,0.22,0.26],[148,0.22,0.26],[148,0.22,0.26],[83,0.26,0.33],[83,0.26,0.33],[83,0.26,0.33]]
independent-M-boxes-3dig         worst band 0.16 [[122,0.11,0.16],[122,0.11,0.16],[122,0.11,0.16],[122,0.11,0.16],[122,0.11,0.16],[122,0.11,0.16]]
independent-M-lines              worst band 0.38 [[193,0.29,0.31],[193,0.29,0.31],[116,0.33,0.38],[116,0.33,0.38],[116,0.33,0.38],[116,0.33,0.38]]
independent-L-lines-3dig         worst band 0.14 [[121,0.09,0.14],[121,0.09,0.14],[121,0.09,0.14],[121,0.09,0.14],[121,0.09,0.14],[121,0.09,0.14]]
independent-L-boxes-3dig         worst band 0.15 [[142,0.11,0.15],[142,0.11,0.15],[142,0.11,0.15],[142,0.11,0.15],[142,0.11,0.15],[142,0.11,0.15]]
independent-L-lines              worst band 0.14 [[121,0.09,0.14],[121,0.09,0.14],[121,0.09,0.14],[121,0.09,0.14],[121,0.09,0.14],[121,0.09,0.14]]
test-S-lines-3dig                worst band 0.28 [[52,0.22,0.28],[52,0.22,0.28],[52,0.22,0.28],[52,0.22,0.28],[52,0.22,0.28],[52,0.22,0.28]]
test-S-boxes-3dig                worst band 0.18 [[106,0.13,0.18],[106,0.13,0.18],[106,0.13,0.18],[106,0.13,0.18],[106,0.13,0.18],[106,0.13,0.18]]
test-S-lines                     worst band 0.28 [[52,0.22,0.28],[52,0.22,0.28],[52,0.22,0.28],[52,0.22,0.28],[52,0.22,0.28],[52,0.22,0.28]]
test-M-lines-3dig                worst band 0.3 [[118,0.15,0.19],[118,0.15,0.19],[118,0.15,0.19],[71,0.22,0.3],[71,0.22,0.3],[71,0.22,0.3]]
test-M-boxes-3dig                worst band 0.16 [[122,0.11,0.16],[122,0.11,0.16],[122,0.11,0.16],[122,0.11,0.16],[122,0.11,0.16],[122,0.11,0.16]]
test-M-lines                     worst band 0.37 [[106,0.31,0.37],[106,0.31,0.37],[106,0.31,0.37],[106,0.31,0.37],[106,0.31,0.37],[106,0.31,0.37]]
test-L-lines-3dig                worst band 0.14 [[121,0.09,0.14],[121,0.09,0.14],[121,0.09,0.14],[121,0.09,0.14],[121,0.09,0.14],[121,0.09,0.14]]
test-L-boxes-3dig                worst band 0.15 [[142,0.11,0.15],[142,0.11,0.15],[142,0.11,0.15],[142,0.11,0.15],[142,0.11,0.15],[142,0.11,0.15]]
test-L-lines                     worst band 0.14 [[121,0.09,0.14],[121,0.09,0.14],[121,0.09,0.14],[121,0.09,0.14],[121,0.09,0.14],[121,0.09,0.14]]
more-practice-S-lines-3dig       worst band 0.28 [[52,0.22,0.28],[52,0.22,0.28],[52,0.22,0.28],[52,0.22,0.28],[52,0.22,0.28],[52,0.22,0.28]]
more-practice-S-boxes-3dig       worst band 0.18 [[106,0.13,0.18],[106,0.13,0.18],[106,0.13,0.18],[106,0.13,0.18],[106,0.13,0.18],[106,0.13,0.18]]
more-practice-S-lines            worst band 0.28 [[52,0.22,0.28],[52,0.22,0.28],[52,0.22,0.28],[52,0.22,0.28],[52,0.22,0.28],[52,0.22,0.28]]
more-practice-M-lines-3dig       worst band 0.33 [[148,0.22,0.26],[148,0.22,0.26],[148,0.22,0.26],[83,0.26,0.33],[83,0.26,0.33],[83,0.26,0.33]]
more-practice-M-boxes-3dig       worst band 0.16 [[122,0.11,0.16],[122,0.11,0.16],[122,0.11,0.16],[122,0.11,0.16],[122,0.11,0.16],[122,0.11,0.16]]
more-practice-M-lines            worst band 0.38 [[193,0.29,0.31],[193,0.29,0.31],[116,0.33,0.38],[116,0.33,0.38],[116,0.33,0.38],[116,0.33,0.38]]
more-practice-L-lines-3dig       worst band 0.14 [[121,0.09,0.14],[121,0.09,0.14],[121,0.09,0.14],[121,0.09,0.14],[121,0.09,0.14],[121,0.09,0.14]]
more-practice-L-boxes-3dig       worst band 0.15 [[142,0.11,0.15],[142,0.11,0.15],[142,0.11,0.15],[142,0.11,0.15],[142,0.11,0.15],[142,0.11,0.15]]
more-practice-L-lines            worst band 0.14 [[121,0.09,0.14],[121,0.09,0.14],[121,0.09,0.14],[121,0.09,0.14],[121,0.09,0.14],[121,0.09,0.14]]
guided-S-lines-3dig              worst band 0.6 [[153,0.22,0.6],[91,0.2,0.51],[60,0.24,0.32],[60,0.24,0.32],[60,0.24,0.32],[60,0.24,0.32],[60,0.24,0.32],[60,0.24,0.32],[60,0.24,0.32],[60,0.24,0.32]]
guided-S-boxes-3dig              worst band 0.46 [[219,0.2,0.46],[152,0.16,0.35],[118,0.17,0.21],[118,0.17,0.21],[118,0.17,0.21]]
guided-S-lines                   worst band 0.6 [[153,0.22,0.6],[91,0.2,0.51],[60,0.24,0.32],[60,0.24,0.32],[60,0.24,0.32],[60,0.24,0.32],[60,0.24,0.32],[60,0.24,0.32],[60,0.24,0.32],[60,0.24,0.32]]
guided-M-lines-3dig              worst band 0.58 [[203,0.26,0.58],[172,0.18,0.37],[134,0.19,0.23],[81,0.25,0.32],[81,0.25,0.32]]
guided-M-boxes-3dig              worst band 0.45 [[242,0.18,0.45],[166,0.13,0.33],[132,0.14,0.18],[132,0.14,0.19]]
guided-M-lines                   worst band 0.57 [[231,0.29,0.57],[128,0.24,0.5],[83,0.26,0.33],[83,0.26,0.33],[83,0.26,0.33]]
guided-L-lines-3dig              worst band 0.45 [[233,0.15,0.45],[157,0.09,0.32],[124,0.1,0.15],[124,0.1,0.15]]
guided-L-boxes-3dig              worst band 0.44 [[285,0.19,0.44],[196,0.14,0.33],[158,0.15,0.19],[173,0.18,0.22],[173,0.18,0.22],[173,0.18,0.22],[173,0.18,0.22]]
guided-L-lines                   worst band 0.45 [[233,0.15,0.45],[157,0.09,0.32],[124,0.1,0.15],[124,0.1,0.15]]
review-S-lines-3dig              worst band 0.32 [[58,0.23,0.31],[58,0.23,0.31],[58,0.23,0.31],[58,0.23,0.31],[58,0.23,0.31],[58,0.23,0.32],[58,0.23,0.31],[58,0.23,0.31],[58,0.23,0.31],[58,0.23,0.31]]
review-S-boxes-3dig              worst band 0.19 [[110,0.14,0.19],[110,0.14,0.19],[110,0.14,0.19],[110,0.14,0.19],[110,0.14,0.19],[110,0.14,0.19]]
review-S-lines                   worst band 0.32 [[58,0.23,0.31],[58,0.23,0.31],[58,0.23,0.31],[58,0.23,0.31],[58,0.23,0.31],[58,0.23,0.32],[58,0.23,0.31],[58,0.23,0.31],[58,0.23,0.31],[58,0.23,0.31]]
review-M-lines-3dig              worst band 0.28 [[109,0.12,0.17],[109,0.12,0.17],[109,0.12,0.17],[65,0.2,0.28],[65,0.2,0.28],[65,0.2,0.28],[65,0.2,0.28],[65,0.2,0.28]]
review-M-boxes-3dig              worst band 0.18 [[129,0.13,0.18],[129,0.13,0.18],[129,0.13,0.18],[129,0.13,0.18],[129,0.13,0.18]]
review-M-lines                   worst band 0.31 [[122,0.16,0.21],[73,0.23,0.31],[73,0.23,0.31],[73,0.23,0.31],[73,0.23,0.31],[73,0.23,0.31],[73,0.23,0.31],[73,0.23,0.31]]
review-L-lines-3dig              worst band 0.16 [[127,0.11,0.16],[127,0.11,0.16],[127,0.11,0.16],[127,0.11,0.16],[127,0.11,0.16]]
review-L-boxes-3dig              worst band 0.16 [[143,0.12,0.16],[143,0.12,0.16],[143,0.12,0.16],[143,0.12,0.16],[143,0.12,0.16]]
review-L-lines                   worst band 0.16 [[127,0.11,0.16],[127,0.11,0.16],[127,0.11,0.16],[127,0.11,0.16],[127,0.11,0.16]]
mixed-practice-S-lines-3dig      worst band 0.32 [[61,0.24,0.32],[61,0.24,0.32],[61,0.24,0.32],[61,0.24,0.32],[61,0.24,0.32],[61,0.24,0.32],[61,0.24,0.32],[61,0.24,0.32],[61,0.24,0.32]]
mixed-practice-S-boxes-3dig      worst band 0.17 [[104,0.12,0.17],[104,0.12,0.17],[104,0.12,0.17],[104,0.12,0.17],[104,0.12,0.17],[104,0.12,0.17],[104,0.12,0.17],[104,0.12,0.17]]
mixed-practice-S-lines           worst band 0.32 [[61,0.24,0.32],[61,0.24,0.32],[61,0.24,0.32],[61,0.24,0.32],[61,0.24,0.32],[61,0.24,0.32],[61,0.24,0.32],[61,0.24,0.32],[61,0.24,0.32]]
mixed-practice-M-lines-3dig      worst band 0.29 [[70,0.22,0.29],[70,0.22,0.29],[70,0.22,0.29],[117,0.15,0.19],[117,0.15,0.19],[117,0.15,0.19],[70,0.22,0.29]]
mixed-practice-M-boxes-3dig      worst band 0.15 [[119,0.1,0.15],[119,0.1,0.15],[119,0.1,0.15],[119,0.1,0.15],[119,0.1,0.15],[119,0.1,0.15],[119,0.1,0.15]]
mixed-practice-M-lines           worst band 0.29 [[70,0.22,0.29],[70,0.22,0.29],[70,0.22,0.29],[70,0.22,0.29],[70,0.22,0.29],[70,0.22,0.29],[70,0.22,0.29]]
mixed-practice-L-lines-3dig      worst band 0.18 [[135,0.13,0.18],[135,0.13,0.18],[135,0.13,0.18],[135,0.13,0.18],[135,0.13,0.18]]
mixed-practice-L-boxes-3dig      worst band 0.17 [[147,0.13,0.17],[147,0.13,0.17],[147,0.13,0.17],[147,0.13,0.17],[147,0.13,0.17]]
mixed-practice-L-lines           worst band 0.18 [[135,0.13,0.18],[135,0.13,0.18],[135,0.13,0.18],[135,0.13,0.18],[135,0.13,0.18]]
